<?xml version="1.0" encoding="UTF-8" standalone="no" ?>
<LXFML versionMajor="5" versionMinor="0" name="Bot">
  <Meta>
    <Application name="LEGO Digital Designer" versionMajor="4" versionMinor="3"/>
    <Brand name="Mindstorms"/>
    <BrickSet version="835.3"/>
  </Meta>
  <Cameras>
    <Camera refID="0" fieldOfView="80" distance="71.154052734375" transformation="0.30152755975723267,0,-0.95345759391784668,-0.31000161170959473,0.94566798210144043,-0.098036915063858032,0.90165424346923828,0.32513415813446045,0.28514492511749268,66.327651977539063,32.704551696777344,21.082719802856445"/>
  </Cameras>
  <Bricks cameraRef="0">
    <Brick refID="0" designID="2780" itemNos="4121715">
      <Part refID="0" designID="2780" materials="26">
        <Bone refID="0" transformation="0,0.7274278998374939,-0.68618416786193848,1,0,0,0,-0.68618416786193848,-0.72742784023284912,-1.1999825239181519,4.8333983421325684,-0.99463534355163574">
        </Bone>
      </Part>
    </Brick>
    <Brick refID="1" designID="40490" itemNos="4297202">
      <Part refID="1" designID="40490" materials="208">
        <Bone refID="1" transformation="-1,0,0,0,-0.72742784023284912,0.68618416786193848,0,0.68618416786193848,0.72742784023284912,5.2000064849853516,5.9312853813171387,0.16925954818725586">
        </Bone>
      </Part>
    </Brick>
    <Brick refID="2" designID="2780" itemNos="4121715">
      <Part refID="2" designID="2780" materials="26">
        <Bone refID="2" transformation="0,0.72742760181427002,-0.68618446588516235,1,0,0,0,-0.68618452548980713,-0.72742754220962524,5.2000079154968262,4.833397388458252,-0.99462389945983887">
        </Bone>
      </Part>
    </Brick>
    <Brick refID="3" designID="32140" itemNos="4210667">
      <Part refID="3" designID="32140" materials="199">
        <Bone refID="3" transformation="0,0.72742778062820435,-0.68618428707122803,0,0.68618440628051758,0.72742778062820435,1,0,0,5.6000027656555176,7.5675897598266602,-7.4230327606201172">
        </Bone>
      </Part>
    </Brick>
    <Brick refID="4" designID="43093" itemNos="4206482">
      <Part refID="4" designID="43093" materials="23">
        <Bone refID="4" transformation="0,0.72742754220962524,-0.68618452548980713,0,0.68618470430374146,0.72742748260498047,1,0,0,5.6000027656555176,7.5675897598266602,-7.4230318069458008">
        </Bone>
      </Part>
    </Brick>
    <Brick refID="5" designID="32009" itemNos="4210668">
      <Part refID="5" designID="32009" materials="199">
        <Bone refID="5" transformation="0,-0.72742748260498047,0.68618464469909668,0,0.68618488311767578,0.72742736339569092,-1,0,0,4.0000061988830566,8.1495275497436523,-7.9719796180725098">
        </Bone>
      </Part>
    </Brick>
    <Brick refID="6" designID="32062" itemNos="4109810">
      <Part refID="6" designID="32062" materials="26">
        <Bone refID="6" transformation="0,-0.72742784023284912,0.68618440628051758,0,0.6861845850944519,0.72742754220962524,-1,0,0,4.000004768371582,5.6897835731506348,-1.2526305913925171">
        </Bone>
      </Part>
    </Brick>
    <Brick refID="7" designID="6536" itemNos="4211775">
      <Part refID="7" designID="6536" materials="194">
        <Bone refID="7" transformation="0,-0.72742784023284912,0.68618440628051758,0,0.6861845850944519,0.72742754220962524,-1,0,0,4.8000063896179199,5.6897826194763184,-1.2526276111602783">
        </Bone>
      </Part>
    </Brick>
    <Brick refID="8" designID="43093" itemNos="4206482">
      <Part refID="8" designID="43093" materials="23">
        <Bone refID="8" transformation="0,-0.72742748260498047,0.68618464469909668,0,0.68618488311767578,0.72742736339569092,-1,0,0,4.0000052452087402,8.1495275497436523,-7.9719796180725098">
        </Bone>
      </Part>
    </Brick>
    <Brick refID="9" designID="2780" itemNos="4121715">
      <Part refID="9" designID="2780" materials="26">
        <Bone refID="9" transformation="0,-0.72742754220962524,0.68618452548980713,0,0.68618452548980713,0.72742754220962524,-1,0,0,4.8000073432922363,9.31341552734375,-9.0698757171630859">
        </Bone>
      </Part>
    </Brick>
    <Brick refID="10" designID="32524" itemNos="4297199">
      <Part refID="10" designID="32524" materials="208">
        <Bone refID="10" transformation="0,-0.68618452548980713,-0.72742760181427002,0,-0.72742754220962524,0.68618452548980713,-1,0,0,5.5999994277954102,12.607101440429687,-5.5782222747802734">
        </Bone>
      </Part>
    </Brick>
    <Brick refID="11" designID="32054" itemNos="4107742">
      <Part refID="11" designID="32054" materials="26">
        <Bone refID="11" transformation="0,-0.72742795944213867,0.68618404865264893,0,0.68618404865264893,0.72742801904678345,-1,0,0,4.8000006675720215,12.607102394104004,-5.5782222747802734">
        </Bone>
      </Part>
    </Brick>
    <Brick refID="12" designID="53788" itemNos="4520887">
      <Part refID="12" designID="53788" materials="208,199,194,106,151,298,26" decoration="0,0,0,0,0,0">
        <Bone refID="12" transformation="0,0.72742819786071777,-0.68618392944335938,0,0.68618398904800415,0.727428138256073,1,0,0,4.3999972343444824,6.042844295501709,-3.2188308238983154">
        </Bone>
      </Part>
    </Brick>
    <Brick refID="13" designID="55806" itemNos="4297185">
      <Part refID="13" designID="60410" materials="40,26" decoration="0">
        <Bone refID="13" transformation="0,0.72742825746536255,-0.68618398904800415,0,0.68618404865264893,0.72742819786071777,1,0,0,3.2480413913726807,14.554091453552246,-7.6727137565612793">
        </Bone>
      </Part>
      <Part refID="14" designID="60410" materials="40,26" decoration="0">
        <Bone refID="14" transformation="0,0.035201434046030045,-0.99938023090362549,2.3595992388436571E-005,0.99938023090362549,0.035201434046030045,1,-2.3577358660986647E-005,0,5.6830945014953613,4.6301231384277344,-10.806536674499512">
        </Bone>
      </Part>
    </Brick>
    <Brick refID="14" designID="55806" itemNos="4297185">
      <Part refID="15" designID="60410" materials="40,26" decoration="0">
        <Bone refID="15" transformation="0,0.72742825746536255,-0.68618398904800415,0,0.68618404865264893,0.72742819786071777,1,0,0,1.7280426025390625,14.554092407226563,-7.6727156639099121">
        </Bone>
      </Part>
      <Part refID="16" designID="60410" materials="40,26" decoration="0">
        <Bone refID="16" transformation="0,0.035201404243707657,-0.99938029050827026,2.3685397536610253E-005,0.99938023090362549,0.035201407968997955,1,-2.3666765628149733E-005,0,-0.71690738201141357,4.6302762031555176,-10.80652904510498">
        </Bone>
      </Part>
    </Brick>
    <Brick refID="15" designID="55805" itemNos="4297188">
      <Part refID="17" designID="60410" materials="40,26" decoration="0">
        <Bone refID="17" transformation="0,0.72742825746536255,-0.68618398904800415,0,0.68618404865264893,0.72742819786071777,1,0,0,0.20804405212402344,14.554091453552246,-7.6727166175842285">
        </Bone>
      </Part>
      <Part refID="18" designID="60410" materials="40,26" decoration="0">
        <Bone refID="18" transformation="0,0.035201407968997955,-0.99938029050827026,2.3685393898631446E-005,0.99938023090362549,0.035201407968997955,1,-2.366676926612854E-005,0,2.4830889701843262,4.4893498420715332,-6.8090391159057617">
        </Bone>
      </Part>
    </Brick>
    <Brick refID="16" designID="32054" itemNos="4107742">
      <Part refID="19" designID="32054" materials="26">
        <Bone refID="19" transformation="0,0.72742819786071777,-0.68618392944335938,0,0.68618398904800415,0.727428138256073,1,0,0,-0.80001771450042725,12.607101440429687,-5.5782241821289062">
        </Bone>
      </Part>
    </Brick>
    <Brick refID="17" designID="32524" itemNos="4297199">
      <Part refID="20" designID="32524" materials="208">
        <Bone refID="20" transformation="0,-0.68618381023406982,-0.72742819786071777,0,-0.72742819786071777,0.68618381023406982,-1,0,0,-2.4000082015991211,12.607101440429687,-5.5782232284545898">
        </Bone>
      </Part>
    </Brick>
    <Brick refID="18" designID="2780" itemNos="4121715">
      <Part refID="21" designID="2780" materials="26">
        <Bone refID="21" transformation="0,-0.7274283766746521,0.6861836314201355,0,0.68618375062942505,0.7274283766746521,-1,0,0,-2.4000043869018555,9.8623666763305664,-8.4879350662231445">
        </Bone>
      </Part>
    </Brick>
    <Brick refID="19" designID="32062" itemNos="4109810">
      <Part refID="22" designID="32062" materials="26">
        <Bone refID="22" transformation="0,-0.72742807865142822,0.68618404865264893,0,0.6861841082572937,0.72742795944213867,-1,0,0,-1.5999928712844849,5.6897854804992676,-1.252638578414917">
        </Bone>
      </Part>
    </Brick>
    <Brick refID="20" designID="6536" itemNos="4211775">
      <Part refID="23" designID="6536" materials="194">
        <Bone refID="23" transformation="0,-0.727428138256073,0.6861838698387146,0,0.6861841082572937,0.72742795944213867,-1,0,0,-1.5999928712844849,5.6897854804992676,-1.2526386976242065">
        </Bone>
      </Part>
    </Brick>
    <Brick refID="21" designID="32009" itemNos="4210668">
      <Part refID="24" designID="32009" materials="199">
        <Bone refID="24" transformation="0,-0.72742843627929688,0.68618357181549072,0,0.68618369102478027,0.7274283766746521,-1,0,0,-0.79999792575836182,8.1495399475097656,-7.9719839096069336">
        </Bone>
      </Part>
    </Brick>
    <Brick refID="22" designID="43093" itemNos="4206482">
      <Part refID="25" designID="43093" materials="23">
        <Bone refID="25" transformation="0,0.72742807865142822,-0.68618392944335938,0,0.68618416786193848,0.7274278998374939,1,0,0,0,8.1495380401611328,-7.9719853401184082">
        </Bone>
      </Part>
    </Brick>
    <Brick refID="23" designID="43093" itemNos="4206482">
      <Part refID="26" designID="43093" materials="23">
        <Bone refID="26" transformation="0,-0.727428138256073,0.6861838698387146,0,0.6861841082572937,0.72742795944213867,-1,0,0,-1.6000007390975952,7.5675926208496094,-7.4230375289916992">
        </Bone>
      </Part>
    </Brick>
    <Brick refID="24" designID="32140" itemNos="4210667">
      <Part refID="27" designID="32140" materials="199">
        <Bone refID="27" transformation="0,0.72742807865142822,-0.68618392944335938,0,0.68618398904800415,0.72742807865142822,1,0,0,-0.79999947547912598,7.5675935745239258,-7.4230365753173828">
        </Bone>
      </Part>
    </Brick>
    <Brick refID="25" designID="2780" itemNos="4121715">
      <Part refID="28" designID="2780" materials="26">
        <Bone refID="28" transformation="-1.3500452041625977E-005,-0.61439120769500732,0.78900158405303955,1.9758941562031396E-005,0.78900164365768433,0.6143912672996521,-1,2.3871660232543945E-005,0,-1.5999406576156616,4.6580114364624023,-4.6782951354980469">
        </Bone>
      </Part>
    </Brick>
    <Brick refID="26" designID="53787" itemNos="4297008">
      <Part refID="29" designID="54715" materials="208,199,0" decoration="0,0">
        <Bone refID="29" transformation="0,-0.035201564431190491,0.99938029050827026,2.3623571905773133E-005,0.99938023090362549,0.035201329737901688,-1,2.3602809960721061E-005,0,-2.3999969959259033,2.4284851551055908,-9.5598039627075195">
        </Bone>
      </Part>
      <Part refID="30" designID="54725" materials="106">
        <Bone refID="30" transformation="0,0.063773117959499359,0.99796450138092041,2.3634042008779943E-005,0.99796444177627563,-0.063773356378078461,-1,2.3783490178175271E-005,0,-2.3999767303466797,2.9745316505432129,-2.336108922958374">
        </Bone>
      </Part>
    </Brick>
    <Brick refID="27" designID="3706" itemNos="370626">
      <Part refID="31" designID="3706" materials="26">
        <Bone refID="31" transformation="0,0.063776001334190369,0.99796432256698608,0.00011031885514967144,-0.99796426296234131,0.063776023685932159,1,0.00011034365888917819,0,0.80002355575561523,2.9744558334350586,-2.3361086845397949">
        </Bone>
      </Part>
    </Brick>
    <Brick refID="28" designID="32123" itemNos="4211573">
      <Part refID="32" designID="32123" materials="194">
        <Bone refID="32" transformation="0,-0.05918615311384201,-0.99824690818786621,-5.2947991207474843E-005,0.99824696779251099,-0.059186220169067383,1,5.308020263328217E-005,0,-2.3999786376953125,2.9741024971008301,-2.3360991477966309">
        </Bone>
      </Part>
    </Brick>
    <Brick refID="29" designID="56145" itemNos="4297210">
      <Part refID="33" designID="56145" materials="194">
        <Bone refID="33" transformation="0,0.06377604603767395,0.99796432256698608,-5.5529242672491819E-005,0.99796426296234131,-0.063776075839996338,-1,-5.5680691730231047E-005,0,-3.6799798011779785,2.973961353302002,-2.3360953330993652">
        </Bone>
      </Part>
    </Brick>
    <Brick refID="30" designID="55976" itemNos="4297209">
      <Part refID="34" designID="55976" materials="26">
        <Bone refID="34" transformation="0,-0.063776060938835144,-0.99796432256698608,0.0045120720751583576,0.99795407056808472,-0.063775420188903809,0.99998986721038818,-0.0045029018074274063,0.00028765358729287982,-2.3299942016601562,2.9678823947906494,-2.3357067108154297">
        </Bone>
      </Part>
    </Brick>
    <Brick refID="31" designID="2780" itemNos="4121715">
      <Part refID="35" designID="2780" materials="26">
        <Bone refID="35" transformation="0,-0.035198505967855453,0.99938040971755981,-2.3610888092662208E-005,-0.99938035011291504,-0.035198505967855453,1,-2.3372467694571242E-005,0,-1.6000024080276489,2.4002790451049805,-8.7603254318237305">
        </Bone>
      </Part>
    </Brick>
    <Brick refID="32" designID="42003" itemNos="4210857">
      <Part refID="36" designID="42003" materials="199">
        <Bone refID="36" transformation="0,-0.035198505967855453,0.99938040971755981,-2.3610888092662208E-005,-0.99938035011291504,-0.035198505967855453,1,-2.3372467694571242E-005,0,-2.4000020027160645,2.4284696578979492,-9.5598287582397461">
        </Bone>
      </Part>
    </Brick>
    <Brick refID="33" designID="43093" itemNos="4206482">
      <Part refID="37" designID="43093" materials="23">
        <Bone refID="37" transformation="-1,0,0,0,-0.035212934017181396,0.99937987327575684,0,0.99937981367111206,0.035213112831115723,-2.799994945526123,2.771888256072998,-7.9467339515686035">
        </Bone>
      </Part>
    </Brick>
    <Brick refID="34" designID="41239" itemNos="4297203">
      <Part refID="38" designID="41239" materials="208">
        <Bone refID="38" transformation="-1,2.4024260710575618E-005,-2.3071159375831485E-005,2.3902819521026686E-005,0.035213351249694824,-0.99937987327575684,-2.3196947950054891E-005,-0.99937987327575684,-0.035213232040405273,6.7999749183654785,1.1726534366607666,-8.0030851364135742">
        </Bone>
      </Part>
    </Brick>
    <Brick refID="35" designID="42003" itemNos="4210857">
      <Part refID="39" designID="42003" materials="199">
        <Bone refID="39" transformation="0,-0.035198505967855453,0.99938040971755981,-2.3610888092662208E-005,-0.99938035011291504,-0.035198505967855453,1,-2.3372467694571242E-005,0,7.2000012397766113,2.4282407760620117,-9.559840202331543">
        </Bone>
      </Part>
    </Brick>
    <Brick refID="36" designID="43093" itemNos="4206482">
      <Part refID="40" designID="43093" materials="23">
        <Bone refID="40" transformation="-1,0,0,0,-0.035212934017181396,0.99937987327575684,0,0.99937981367111206,0.035213112831115723,6.8000121116638184,2.7716610431671143,-7.9467453956604004">
        </Bone>
      </Part>
    </Brick>
    <Brick refID="37" designID="2780" itemNos="4121715">
      <Part refID="41" designID="2780" materials="26">
        <Bone refID="41" transformation="0,-0.035198505967855453,0.99938040971755981,-2.3610888092662208E-005,-0.99938035011291504,-0.035198505967855453,1,-2.3372467694571242E-005,0,7.2000012397766113,2.4282410144805908,-9.559840202331543">
        </Bone>
      </Part>
    </Brick>
    <Brick refID="38" designID="53787" itemNos="4297008">
      <Part refID="42" designID="54715" materials="208,199,0" decoration="0,0">
        <Bone refID="42" transformation="0,-0.035201597958803177,0.99938023090362549,2.3534177671535872E-005,0.99938023090362549,0.035201359540224075,-1,2.3513404812547378E-005,0,4.000004768371582,2.4283328056335449,-9.5598115921020508">
        </Bone>
      </Part>
      <Part refID="43" designID="54725" materials="106">
        <Bone refID="43" transformation="0,-0.035201605409383774,0.99938029050827026,2.3534134015790187E-005,0.99938029050827026,0.035201359540224075,-1,2.3513372070738114E-005,0,4.0000238418579102,2.974384069442749,-2.3361124992370605">
        </Bone>
      </Part>
    </Brick>
    <Brick refID="39" designID="2780" itemNos="4121715">
      <Part refID="44" designID="2780" materials="26">
        <Bone refID="44" transformation="-1.320242699875962E-005,-0.61439120769500732,0.78900164365768433,1.9550318029359914E-005,0.78900164365768433,0.61439114809036255,-1,2.3603433874086477E-005,0,4.0000572204589844,4.6297087669372559,-3.8787977695465088">
        </Bone>
      </Part>
    </Brick>
    <Brick refID="40" designID="2780" itemNos="4121715">
      <Part refID="45" designID="2780" materials="26">
        <Bone refID="45" transformation="0,-0.035200219601392746,0.99938035011291504,-2.1899117200518958E-005,-0.99938029050827026,-0.035200215876102448,1,-2.1774319975520484E-005,0,4.8000006675720215,2.4001197814941406,-8.7603330612182617">
        </Bone>
      </Part>
    </Brick>
    <Brick refID="41" designID="32524" itemNos="4297199">
      <Part refID="46" designID="32524" materials="208">
        <Bone refID="46" transformation="0,-0.035198505967855453,0.99938040971755981,-2.3610888092662208E-005,-0.99938035011291504,-0.035198505967855453,1,-2.3372467694571242E-005,0,3.9999957084655762,2.40012526512146,-8.7603330612182617">
        </Bone>
      </Part>
    </Brick>
    <Brick refID="42" designID="2780" itemNos="4121715">
      <Part refID="47" designID="2780" materials="26">
        <Bone refID="47" transformation="0,-0.035200219601392746,0.99938035011291504,-2.1899117200518958E-005,-0.99938029050827026,-0.035200215876102448,1,-2.1774319975520484E-005,0,4.7999968528747559,2.3719453811645508,-7.9608259201049805">
        </Bone>
      </Part>
    </Brick>
    <Brick refID="43" designID="2780" itemNos="4121715">
      <Part refID="48" designID="2780" materials="26">
        <Bone refID="48" transformation="0,-0.035198505967855453,0.99938040971755981,-2.3610888092662208E-005,-0.99938035011291504,-0.035198505967855453,1,-2.3372467694571242E-005,0,3.9999966621398926,2.2311584949493408,-3.963306188583374">
        </Bone>
      </Part>
    </Brick>
    <Brick refID="44" designID="53787" itemNos="4297008">
      <Part refID="49" designID="54715" materials="208,199,0" decoration="0,0">
        <Bone refID="49" transformation="0,-0.035201564431190491,0.99938029050827026,2.3623571905773133E-005,0.99938023090362549,0.035201333463191986,-1,2.3602822693646885E-005,0,0.79999738931655884,2.2876331806182861,-5.562312126159668">
        </Bone>
      </Part>
      <Part refID="50" designID="54725" materials="106">
        <Bone refID="50" transformation="0,0.063773103058338165,0.99796450138092041,2.3634040189790539E-005,0.99796444177627563,-0.063773356378078461,-1,2.3783501092111692E-005,0,0.80001938343048096,2.8336799144744873,1.6613838672637939">
        </Bone>
      </Part>
    </Brick>
    <Brick refID="45" designID="2780" itemNos="4121715">
      <Part refID="51" designID="2780" materials="26">
        <Bone refID="51" transformation="0,-0.035198505967855453,0.99938040971755981,-2.3610888092662208E-005,-0.99938035011291504,-0.035198505967855453,1,-2.3372467694571242E-005,0,3.9999957084655762,2.2874810695648193,-5.5623159408569336">
        </Bone>
      </Part>
    </Brick>
    <Brick refID="46" designID="2780" itemNos="4121715">
      <Part refID="52" designID="2780" materials="26">
        <Bone refID="52" transformation="0,-0.035198505967855453,0.99938040971755981,-2.3610888092662208E-005,-0.99938035011291504,-0.035198505967855453,1,-2.3372467694571242E-005,0,1.6000000238418579,2.2312161922454834,-3.9633023738861084">
        </Bone>
      </Part>
    </Brick>
    <Brick refID="47" designID="32524" itemNos="4297199">
      <Part refID="53" designID="32524" materials="208">
        <Bone refID="53" transformation="0,-0.035198505967855453,0.99938040971755981,-2.3610888092662208E-005,-0.99938035011291504,-0.035198505967855453,1,-2.3372467694571242E-005,0,0.79999625682830811,2.4002227783203125,-8.7603292465209961">
        </Bone>
      </Part>
    </Brick>
    <Brick refID="48" designID="2780" itemNos="4121715">
      <Part refID="54" designID="2780" materials="26">
        <Bone refID="54" transformation="0,-0.035198505967855453,0.99938040971755981,-2.3610888092662208E-005,-0.99938035011291504,-0.035198505967855453,1,-2.3372467694571242E-005,0,0.79999625682830811,2.3720519542694092,-7.9608221054077148">
        </Bone>
      </Part>
    </Brick>
    <Brick refID="49" designID="2780" itemNos="4121715">
      <Part refID="55" designID="2780" materials="26">
        <Bone refID="55" transformation="0,-0.035198505967855453,0.99938040971755981,-2.3610888092662208E-005,-0.99938035011291504,-0.035198505967855453,1,-2.3372467694571242E-005,0,1.6000000238418579,2.2875378131866455,-5.562312126159668">
        </Bone>
      </Part>
    </Brick>
    <Brick refID="50" designID="2780" itemNos="4121715">
      <Part refID="56" designID="2780" materials="26">
        <Bone refID="56" transformation="0,-0.035198505967855453,0.99938040971755981,-2.3610888092662208E-005,-0.99938035011291504,-0.035198505967855453,1,-2.3372467694571242E-005,0,0.79999625682830811,2.4002225399017334,-8.7603292465209961">
        </Bone>
      </Part>
    </Brick>
    <Brick refID="51" designID="44294" itemNos="4211805">
      <Part refID="57" designID="44294" materials="194">
        <Bone refID="57" transformation="0,-0.063773348927497864,-0.99796438217163086,0,0.99796444177627563,-0.063773356378078461,1,0,0,4.8000202178955078,2.8335850238800049,1.6613839864730835">
        </Bone>
      </Part>
    </Brick>
    <Brick refID="52" designID="3648" itemNos="4211565">
      <Part refID="58" designID="3648" materials="194">
        <Bone refID="58" transformation="0,-0.063773326575756073,-0.99796438217163086,2.3592259822180495E-005,0.99796444177627563,-0.063773378729820251,1,-2.3730095563223585E-005,0,4.8000202178955078,2.8335847854614258,1.6613837480545044">
        </Bone>
      </Part>
    </Brick>
    <Brick refID="53" designID="3648" itemNos="4211565">
      <Part refID="59" designID="3648" materials="194">
        <Bone refID="59" transformation="0,-0.063773348927497864,-0.99796450138092041,2.359224708925467E-005,0.99796444177627563,-0.063773393630981445,1,-2.3730099201202393E-005,0,1.9073484509135596E-005,2.8336989879608154,1.6613843441009521">
        </Bone>
      </Part>
    </Brick>
    <Brick refID="54" designID="32278" itemNos="4297197">
      <Part refID="60" designID="32278" materials="208">
        <Bone refID="60" transformation="0,-0.0010890100384131074,-0.99999940395355225,0,0.99999940395355225,-0.0010890323901548982,1,0,0,0.8000187873840332,2.8457820415496826,12.861388206481934">
        </Bone>
      </Part>
    </Brick>
    <Brick refID="55" designID="32140" itemNos="4210667">
      <Part refID="61" designID="32140" materials="199">
        <Bone refID="61" transformation="1.1622903912211768E-005,0.99768400192260742,-0.068019777536392212,0,-0.068019606173038483,-0.9976840615272522,-1,1.1593102499318775E-005,0,1.6000174283981323,2.8353180885314941,3.2613935470581055">
        </Bone>
      </Part>
    </Brick>
    <Brick refID="56" designID="44294" itemNos="4211805">
      <Part refID="62" designID="44294" materials="194">
        <Bone refID="62" transformation="0,-0.06801963597536087,-0.9976840615272522,1.1440365597081836E-005,0.99768400192260742,-0.068019755184650421,1,-1.1481349247333128E-005,0,4.7200183868408203,2.8352885246276855,3.2613945007324219">
        </Bone>
      </Part>
    </Brick>
    <Brick refID="57" designID="3647" itemNos="4211432">
      <Part refID="63" designID="3647" materials="194">
        <Bone refID="63" transformation="0,-0.068019762635231018,-0.9976840615272522,1.1440364687587135E-005,0.99768400192260742,-0.068019874393939972,1,-1.148135015682783E-005,0,4.8000187873840332,2.835280179977417,3.2613925933837891">
        </Bone>
      </Part>
    </Brick>
    <Brick refID="58" designID="6590" itemNos="4211622">
      <Part refID="64" designID="6590" materials="194">
        <Bone refID="64" transformation="0,-0.06801963597536087,-0.9976840615272522,1.1440366506576538E-005,0.99768400192260742,-0.068019755184650421,1,-1.1481343790364917E-005,0,3.200019359588623,2.835301399230957,3.2613925933837891">
        </Bone>
      </Part>
    </Brick>
    <Brick refID="59" designID="6590" itemNos="4211622">
      <Part refID="65" designID="6590" materials="194">
        <Bone refID="65" transformation="0,0.068019889295101166,0.99768394231796265,1.152233289758442E-005,0.99768400192260742,-0.068019993603229523,-1,1.1581929356907494E-005,0,0.80001711845397949,2.8353257179260254,3.2613925933837891">
        </Bone>
      </Part>
    </Brick>
    <Brick refID="60" designID="3647" itemNos="4211432">
      <Part refID="66" designID="3647" materials="194">
        <Bone refID="66" transformation="0,-0.068019762635231018,-0.9976840615272522,1.1440364687587135E-005,0.99768400192260742,-0.068019874393939972,1,-1.1481351066322532E-005,0,-0.079983949661254883,2.8353366851806641,3.2613925933837891">
        </Bone>
      </Part>
    </Brick>
    <Brick refID="61" designID="6558" itemNos="655826">
      <Part refID="67" designID="6558" materials="26">
        <Bone refID="67" transformation="0,-0.068019747734069824,-0.9976840615272522,1.1440366506576538E-005,0.99768400192260742,-0.068019755184650421,1,-1.1481342880870216E-005,0,3.2000455856323242,5.229741096496582,3.0981454849243164">
        </Bone>
      </Part>
    </Brick>
    <Brick refID="62" designID="40490" itemNos="4297202">
      <Part refID="68" designID="40490" materials="208">
        <Bone refID="68" transformation="-1.1444089977885596E-005,-0.99768394231796265,0.068019889295101166,0,-0.068019799888134003,-0.99768394231796265,1,-1.1622903912211768E-005,0,3.2001008987426758,10.018622398376465,2.7716512680053711">
        </Bone>
      </Part>
    </Brick>
    <Brick refID="63" designID="6558" itemNos="655826">
      <Part refID="69" designID="6558" materials="26">
        <Bone refID="69" transformation="0,-0.068019747734069824,-0.9976840615272522,1.1440366506576538E-005,0.99768400192260742,-0.068019755184650421,1,-1.1481342880870216E-005,0,3.2000269889831543,3.6334471702575684,3.2069768905639648">
        </Bone>
      </Part>
    </Brick>
    <Brick refID="64" designID="40490" itemNos="4297202">
      <Part refID="70" designID="40490" materials="208">
        <Bone refID="70" transformation="-1.1444089977885596E-005,-0.99768394231796265,0.068019889295101166,0,-0.068019799888134003,-0.99768394231796265,1,-1.1622903912211768E-005,0,1.6001013517379761,10.018640518188477,2.7716512680053711">
        </Bone>
      </Part>
    </Brick>
    <Brick refID="65" designID="2780" itemNos="4121715">
      <Part refID="71" designID="2780" materials="26">
        <Bone refID="71" transformation="0,0.43716272711753845,-0.89938253164291382,1.0689823284337763E-005,0.89938241243362427,0.43716272711753845,1,-1.1980103408859577E-005,0,0.8000187873840332,2.8457820415496826,12.861388206481934">
        </Bone>
      </Part>
    </Brick>
    <Brick refID="66" designID="32291" itemNos="4210655">
      <Part refID="72" designID="32291" materials="199">
        <Bone refID="72" transformation="-1.1832310519821476E-005,-0.99993157386779785,0.011696015484631062,0,-0.011695879511535168,-0.99993163347244263,1,-1.1958146387769375E-005,0,2.808496356010437E-005,3.6457366943359375,12.852030754089355">
        </Bone>
      </Part>
    </Brick>
    <Brick refID="67" designID="32062" itemNos="4109810">
      <Part refID="73" designID="32062" materials="26">
        <Bone refID="73" transformation="1,0,0,0,-0.011695985682308674,-0.99993163347244263,0,0.99993157386779785,-0.011695999652147293,-0.39996722340583801,4.0533289909362793,12.047286987304688">
        </Bone>
      </Part>
    </Brick>
    <Brick refID="68" designID="41678" itemNos="4234599">
      <Part refID="74" designID="41678" materials="199">
        <Bone refID="74" transformation="1.2160114238213282E-005,0.9999316930770874,-0.011695469729602337,0,0.01169557124376297,0.99993163347244263,1,-1.2106997019145638E-005,0,1.8616910892887972E-005,2.8440487384796143,11.261377334594727">
        </Bone>
      </Part>
    </Brick>
    <Brick refID="69" designID="6558" itemNos="655826">
      <Part refID="75" designID="6558" materials="26">
        <Bone refID="75" transformation="0,-0.011695839464664459,-0.99993163347244263,1.1990636267000809E-005,0.99993157386779785,-0.011695860885083675,1,-1.1989778613497037E-005,0,1.6000281572341919,3.6457173824310303,12.852030754089355">
        </Bone>
      </Part>
    </Brick>
    <Brick refID="70" designID="32316" itemNos="4210686">
      <Part refID="76" designID="32316" materials="199">
        <Bone refID="76" transformation="0,-0.011695839464664459,-0.99993163347244263,1.1990636267000809E-005,0.99993157386779785,-0.011695860885083675,1,-1.1989779522991739E-005,0,1.6000281572341919,3.6644306182861328,14.451920509338379">
        </Bone>
      </Part>
    </Brick>
    <Brick refID="71" designID="6558" itemNos="655826">
      <Part refID="77" designID="6558" materials="26">
        <Bone refID="77" transformation="0,-0.011695839464664459,-0.99993163347244263,1.1990636267000809E-005,0.99993157386779785,-0.011695860885083675,1,-1.1989779522991739E-005,0,3.2000274658203125,3.6550548076629639,13.651976585388184">
        </Bone>
      </Part>
    </Brick>
    <Brick refID="72" designID="32316" itemNos="4210686">
      <Part refID="78" designID="32316" materials="199">
        <Bone refID="78" transformation="0,-0.011695839464664459,-0.99993163347244263,1.1990636267000809E-005,0.99993157386779785,-0.011695860885083675,1,-1.1989779522991739E-005,0,3.2000274658203125,3.6644115447998047,14.451920509338379">
        </Bone>
      </Part>
    </Brick>
    <Brick refID="73" designID="6558" itemNos="655826">
      <Part refID="79" designID="6558" materials="26">
        <Bone refID="79" transformation="0,-0.011695839464664459,-0.99993163347244263,1.1990636267000809E-005,0.99993157386779785,-0.011695860885083675,1,-1.1989779522991739E-005,0,4.8000268936157227,3.6456794738769531,12.852032661437988">
        </Bone>
      </Part>
    </Brick>
    <Brick refID="74" designID="32291" itemNos="4210655">
      <Part refID="80" designID="32291" materials="199">
        <Bone refID="80" transformation="-1.1832311429316178E-005,-0.99993163347244263,0.011696021072566509,0,-0.011695879511535168,-0.99993157386779785,1,-1.1958147297264077E-005,0,4.8000259399414062,3.6456789970397949,12.852032661437988">
        </Bone>
      </Part>
    </Brick>
    <Brick refID="75" designID="32062" itemNos="4109810">
      <Part refID="81" designID="32062" materials="26">
        <Bone refID="81" transformation="0,0.011695968918502331,0.99993157386779785,-1,1.228561632160563E-005,0,-1.2279322618269362E-005,-0.99993163347244263,0.011696003377437592,4.4000115394592285,2.4364073276519775,12.066107749938965">
        </Bone>
      </Part>
    </Brick>
    <Brick refID="76" designID="41678" itemNos="4234599">
      <Part refID="82" designID="41678" materials="199">
        <Bone refID="82" transformation="1.2160115147707984E-005,0.99993163347244263,-0.011695466935634613,0,0.01169557124376297,0.9999316930770874,1,-1.210699792864034E-005,0,4.8000130653381348,2.8270199298858643,11.261488914489746">
        </Bone>
      </Part>
    </Brick>
    <Brick refID="77" designID="6558" itemNos="655826">
      <Part refID="83" designID="6558" materials="26">
        <Bone refID="83" transformation="0,-0.011695839464664459,-0.99993163347244263,1.1990636267000809E-005,0.99993157386779785,-0.011695860885083675,1,-1.1989779522991739E-005,0,4.8000268936157227,3.6269657611846924,11.252129554748535">
        </Bone>
      </Part>
    </Brick>
    <Brick refID="78" designID="32523" itemNos="4210751">
      <Part refID="84" designID="32523" materials="199">
        <Bone refID="84" transformation="0,-0.011695839464664459,-0.99993163347244263,1.1990636267000809E-005,0.99993157386779785,-0.011695860885083675,1,-1.1989779522991739E-005,0,4.0000276565551758,3.6456887722015381,12.852032661437988">
        </Bone>
      </Part>
    </Brick>
    <Brick refID="79" designID="2780" itemNos="4121715">
      <Part refID="85" designID="2780" materials="26">
        <Bone refID="85" transformation="0,-0.011695839464664459,-0.99993163347244263,1.1990636267000809E-005,0.99993157386779785,-0.011695860885083675,1,-1.1989779522991739E-005,0,4.800018310546875,2.8457334041595459,12.861392021179199">
        </Bone>
      </Part>
    </Brick>
    <Brick refID="80" designID="2780" itemNos="4121715">
      <Part refID="86" designID="2780" materials="26">
        <Bone refID="86" transformation="0,0.43716272711753845,-0.89938241243362427,1.0689823284337763E-005,0.89938241243362427,0.43716272711753845,1,-1.1980102499364875E-005,0,4.8000173568725586,2.8270204067230225,11.261488914489746">
        </Bone>
      </Part>
    </Brick>
    <Brick refID="81" designID="6558" itemNos="655826">
      <Part refID="87" designID="6558" materials="26">
        <Bone refID="87" transformation="0,-0.011695839464664459,-0.99993163347244263,1.1990636267000809E-005,0.99993157386779785,-0.011695860885083675,1,-1.1989779522991739E-005,0,3.2000274658203125,3.6363418102264404,12.052084922790527">
        </Bone>
      </Part>
    </Brick>
    <Brick refID="82" designID="53792" itemNos="4297174">
      <Part refID="88" designID="53792" materials="208,199,194,106,0" decoration="0,0,0,0">
        <Bone refID="88" transformation="0,0.011696622706949711,0.99993157386779785,-1.1612521120696329E-005,-0.99993163347244263,0.01169663667678833,1,-1.1608352906478103E-005,0,2.4000279903411865,3.6363513469696045,12.052088737487793">
        </Bone>
      </Part>
    </Brick>
    <Brick refID="83" designID="6558" itemNos="655826">
      <Part refID="89" designID="6558" materials="26">
        <Bone refID="89" transformation="0,0.011695839464664459,0.99993163347244263,1.1994361557299271E-005,0.99993157386779785,-0.011695860885083675,-1,1.1982337127847131E-005,0,-0.79997164011001587,3.6270325183868408,11.252129554748535">
        </Bone>
      </Part>
    </Brick>
    <Brick refID="84" designID="32523" itemNos="4210751">
      <Part refID="90" designID="32523" materials="199">
        <Bone refID="90" transformation="0,-0.011695839464664459,-0.99993163347244263,1.1990636267000809E-005,0.99993157386779785,-0.011695860885083675,1,-1.1989779522991739E-005,0,0.80002689361572266,3.6457269191741943,12.852034568786621">
        </Bone>
      </Part>
    </Brick>
    <Brick refID="85" designID="2780" itemNos="4121715">
      <Part refID="91" designID="2780" materials="26">
        <Bone refID="91" transformation="0,0.43716272711753845,-0.89938253164291382,1.0689823284337763E-005,0.89938241243362427,0.43716272711753845,1,-1.1980103408859577E-005,0,0.800018310546875,2.8440392017364502,11.261378288269043">
        </Bone>
      </Part>
    </Brick>
    <Brick refID="86" designID="32073" itemNos="4211639">
      <Part refID="92" designID="32073" materials="194">
        <Bone refID="92" transformation="0,-0.035201143473386765,0.99938029050827026,0,0.99938023090362549,0.035201143473386765,-1,0,0,-0.0062415599822998047,4.4889249801635742,0.11870241165161133">
        </Bone>
      </Part>
    </Brick>
    <Brick refID="87" designID="32140" itemNos="4210667">
      <Part refID="93" designID="32140" materials="199">
        <Bone refID="93" transformation="0,0.035202346742153168,-0.99938023090362549,0,-0.99938029050827026,-0.035202346742153168,-1,0,0,-0.0062417984008789063,4.4889249801635742,0.11870251595973969">
        </Bone>
      </Part>
    </Brick>
    <Brick refID="88" designID="32140" itemNos="4210667">
      <Part refID="94" designID="32140" materials="199">
        <Bone refID="94" transformation="0,0.035202343016862869,-0.99938023090362549,0,-0.99938029050827026,-0.035202346742153168,-1,0,0,3.1937623023986816,4.4889373779296875,0.11870108544826508">
        </Bone>
      </Part>
    </Brick>
    <Brick refID="89" designID="43093" itemNos="4206482">
      <Part refID="95" designID="43093" materials="23">
        <Bone refID="95" transformation="1,-2.387617678323295E-005,0,0,-0.035177409648895264,0.99938118457794189,-2.389604014751967E-005,-0.99938118457794189,-0.035177409648895264,1.2000473737716675,4.0610918998718262,0.90412521362304688">
        </Bone>
      </Part>
    </Brick>
    <Brick refID="90" designID="42003" itemNos="4210857">
      <Part refID="96" designID="42003" materials="199">
        <Bone refID="96" transformation="0,-0.035201333463191986,0.99938023090362549,2.3586668248753995E-005,0.99938023090362549,0.035201333463191986,-1,2.3556873202323914E-005,0,0.8000565767288208,4.5171761512756348,-0.68080341815948486">
        </Bone>
      </Part>
    </Brick>
    <Brick refID="91" designID="41239" itemNos="4297203">
      <Part refID="97" designID="41239" materials="208">
        <Bone refID="97" transformation="1,-2.3876173145254143E-005,0,0,0.035177320241928101,-0.99938112497329712,2.3896041966509074E-005,0.99938112497329712,0.035177320241928101,-2.7999148368835449,5.6601972579956055,0.96041274070739746">
        </Bone>
      </Part>
    </Brick>
    <Brick refID="92" designID="2780" itemNos="4121715">
      <Part refID="98" designID="2780" materials="26">
        <Bone refID="98" transformation="1,-2.3876173145254143E-005,0,0,0.035177320241928101,-0.99938112497329712,2.3896041966509074E-005,0.99938112497329712,0.035177320241928101,6.0001025199890137,6.4594931602478027,0.98854589462280273">
        </Bone>
      </Part>
    </Brick>
    <Brick refID="93" designID="43093" itemNos="4206482">
      <Part refID="99" designID="43093" materials="23">
        <Bone refID="99" transformation="1,-2.3876173145254143E-005,0,0,-0.035177409648895264,0.99938118457794189,-2.3896041966509074E-005,-0.99938118457794189,-0.035177409648895264,7.6000838279724121,5.4910979270935059,5.7574300765991211">
        </Bone>
      </Part>
    </Brick>
    <Brick refID="94" designID="32009" itemNos="4210668">
      <Part refID="100" designID="32009" materials="199">
        <Bone refID="100" transformation="0,-0.035177141427993774,0.99938100576400757,-1,2.4139864763128571E-005,0,-2.4050465071923099E-005,-0.99938100576400757,-0.035177081823348999,7.6000838279724121,5.4910979270935059,5.7574300765991211">
        </Bone>
      </Part>
    </Brick>
    <Brick refID="95" designID="43093" itemNos="4206482">
      <Part refID="101" designID="43093" materials="23">
