<?xml version="1.0" encoding="utf-8"?>
<COLLADA xmlns="http://www.collada.org/2005/11/COLLADASchema" version="1.4.1">
  <asset><contributor><author></author><authoring_tool>FBX COLLADA exporter</authoring_tool><comments></comments></contributor><created>2019-01-08T01:44:26Z</created><keywords></keywords><modified>2019-01-08T01:44:26Z</modified><revision></revision><subject></subject><title></title><unit meter="1.000000" name="centimeter"></unit><up_axis>Y_UP</up_axis></asset>
  <library_geometries>
    <geometry id="Box001-lib" name="Box001Mesh">
      <mesh>
        <source id="Box001-POSITION">
          <float_array id="Box001-POSITION-array" count="36">
-2.500000 -2.500000 0.000000
2.500000 -2.500000 0.000000
-2.500000 2.500000 0.000000
2.500000 2.500000 0.000000
-2.500000 -2.500000 4.910997
2.500000 -2.500000 4.910997
-2.500000 2.500000 4.910997
2.500000 2.500000 4.910997
-2.500000 -2.500000 9.979829
2.500000 -2.500000 9.979829
2.500000 2.500000 9.979829
-2.500000 2.500000 9.979829
</float_array>
          <technique_common>
            <accessor source="#Box001-POSITION-array" count="12" stride="3">
              <param name="X" type="float"/>
              <param name="Y" type="float"/>
              <param name="Z" type="float"/>
            </accessor>
          </technique_common>
        </source>
        <source id="Box001-Normal0">
          <float_array id="Box001-Normal0-array" count="180">
0.000000 0.000000 -1.000000
0.000000 0.000000 -1.000000
0.000000 0.000000 -1.000000
0.000000 0.000000 -1.000000
0.000000 0.000000 -1.000000
0.000000 0.000000 -1.000000
0.000000 0.000000 1.000000
0.000000 0.000000 1.000000
0.000000 0.000000 1.000000
0.000000 0.000000 1.000000
0.000000 0.000000 1.000000
0.000000 0.000000 1.000000
0.000000 -1.000000 0.000000
0.000000 -1.000000 0.000000
0.000000 -1.000000 0.000000
0.000000 -1.000000 0.000000
0.000000 -1.000000 0.000000
0.000000 -1.000000 0.000000
1.000000 0.000000 0.000000
1.000000 0.000000 0.000000
1.000000 0.000000 0.000000
1.000000 0.000000 0.000000
1.000000 0.000000 0.000000
1.000000 0.000000 0.000000
0.000000 1.000000 -0.000000
0.000000 1.000000 -0.000000
0.000000 1.000000 -0.000000
0.000000 1.000000 -0.000000
0.000000 1.000000 -0.000000
0.000000 1.000000 -0.000000
-1.000000 0.000000 0.000000
-1.000000 0.000000 0.000000
-1.000000 0.000000 0.000000
-1.000000 0.000000 0.000000
-1.000000 0.000000 0.000000
-1.000000 0.000000 0.000000
0.000000 -1.000000 0.000000
0.000000 -1.000000 0.000000
0.000000 -1.000000 0.000000
0.000000 -1.000000 0.000000
0.000000 -1.000000 0.000000
0.000000 -1.000000 0.000000
1.000000 0.000000 0.000000
1.000000 0.000000 0.000000
1.000000 0.000000 0.000000
1.000000 0.000000 0.000000
1.000000 0.000000 0.000000
1.000000 0.000000 0.000000
0.000000 1.000000 0.000000
0.000000 1.000000 0.000000
0.000000 1.000000 0.000000
0.000000 1.000000 0.000000
0.000000 1.000000 0.000000
0.000000 1.000000 0.000000
-1.000000 0.000000 0.000000
-1.000000 0.000000 0.000000
-1.000000 0.000000 0.000000
-1.000000 0.000000 0.000000
-1.000000 0.000000 0.000000
-1.000000 0.000000 0.000000
</float_array>
          <technique_common>
            <accessor source="#Box001-Normal0-array" count="60" stride="3">
              <param name="X" type="float"/>
              <param name="Y" type="float"/>
              <param name="Z" type="float"/>
            </accessor>
          </technique_common>
        </source>
        <source id="Box001-UV0">
          <float_array id="Box001-UV0-array" count="56">
1.000000 0.000000
0.000000 0.000000
1.000000 1.000000
0.000000 1.000000
0.000000 0.000000
1.000000 0.000000
0.000000 1.000000
1.000000 1.000000
0.000000 0.000000
1.000000 0.000000
0.000000 1.000000
1.000000 1.000000
0.000000 0.000000
1.000000 0.000000
0.000000 1.000000
1.000000 1.000000
0.000000 0.000000
1.000000 0.000000
0.000000 1.000000
1.000000 1.000000
0.000000 0.000000
1.000000 0.000000
0.000000 1.000000
1.000000 1.000000
0.000000 0.000000
1.000000 0.000000
1.000000 1.000000
0.000000 1.000000
</float_array>
          <technique_common>
            <accessor source="#Box001-UV0-array" count="28" stride="2">
              <param name="S" type="float"/>
              <param name="T" type="float"/>
            </accessor>
          </technique_common>
        </source>
        <vertices id="Box001-VERTEX">
          <input semantic="POSITION" source="#Box001-POSITION"/>
        </vertices>
        <triangles count="20"><input semantic="VERTEX" offset="0" source="#Box001-VERTEX"/><input semantic="NORMAL" offset="1" source="#Box001-Normal0"/><input semantic="TEXCOORD" offset="2" set="0" source="#Box001-UV0"/><p> 1 0 1 0 1 0 3 2 3 0 3 0 2 4 2 3 5 3 10 6 26 11 7 27 8 8 24 10 9 26 8 10 24 9 11 25 5 12 11 4 13 10 0 14 8 5 15 11 0 16 8 1 17 9 5 18 14 3 19 13 7 20 15 3 21 13 5 22 14 1 23 12 6 24 19 7 25 18 3 26 16 6 27 19 3 28 16 2 29 17 4 30 23 6 31 22 2 32 20 4 33 23 2 34 20 0 35 21 9 36 25 8 37 24 4 38 4 9 39 25 4 40 4 5 41 5 10 42 26 9 43 25 5 44 5 10 45 26 5 46 5 7 47 7 11 48 27 10 49 26 7 50 7 11 51 27 7 52 7 6 53 6 8 54 24 11 55 27 6 56 6 8 57 24 6 58 6 4 59 4</p></triangles>
      </mesh>
    </geometry>
  </library_geometries>
  <library_controllers>
    <controller id="Box001Controller">
      <skin source="#Box001-lib">
        <bind_shape_matrix>1.000000 0.000000 0.000000 0.000000 -0.000000 0.000000 1.000000 0.000000 0.000000 -1.000000 0.000000 0.000001 0.000000 0.000000 0.000000 1.000000
</bind_shape_matrix>
        <source id="Box001Controller-Joints">
          <Name_array id="Box001Controller-Joints-array" count="3">
 bone1 bone2 Bone003</Name_array>
          <technique_common>
            <accessor source="#Box001Controller-Joints-array" count="3">
              <param type="name"/>
            </accessor>
          </technique_common>
        </source>
        <source id="Box001Controller-Matrices">
          <float_array id="Box001Controller-Matrices-array" count="48">

0.000003 0.700728 -0.713428 1.783571 -1.000000 0.000002 -0.000002 0.000006 -0.000000 0.713428 0.700728 -1.751821 0.000000 0.000000 0.000000 1.000000
0.000003 0.711924 0.702256 -1.740614 1.000000 -0.000002 -0.000002 0.000005 0.000000 0.702256 -0.711924 -5.228588 0.000000 0.000000 0.000000 1.000000
0.000003 0.711924 0.702256 -8.860524 1.000000 -0.000002 -0.000002 0.000003 0.000000 0.702256 -0.711924 -5.228588 0.000000 0.000000 0.000000 1.000000</float_array>
          <technique_common>
            <accessor source="#Box001Controller-Matrices-array" count="3" stride="16">
              <param type="float4x4"/>
            </accessor>
          </technique_common>
        </source>
        <source id="Box001Controller-Weights">
          <float_array id="Box001Controller-Weights-array" count="13">

1.000000 1.000000 1.000000 1.000000 1.000000 1.000000 1.000000 1.000000 1.000000 1.000000 1.000000 1.000000 1.000000</float_array>
          <technique_common>
            <accessor source="#Box001Controller-Weights-array" count="13">
              <param type="float"/>
            </accessor>
          </technique_common>
        </source>
        <joints>
          <input semantic="JOINT" source="#Box001Controller-Joints"/>
          <input semantic="INV_BIND_MATRIX" source="#Box001Controller-Matrices"/>
        </joints>
        <vertex_weights count="12">
          <input semantic="JOINT" offset="0" source="#Box001Controller-Joints"/>
          <input semantic="WEIGHT" offset="1" source="#Box001Controller-Weights"/>
          <vcount>1 1 1 1 1 1 1 1 1 1 1 1</vcount>
          <v>0 1 0 2 0 3 0 4 0 5 0 6 1 7 0 8 1 9 2 10 1 11 1 12</v>
        </vertex_weights>
      </skin>
    </controller>
  </library_controllers>
  <library_animations>
    <animation id="bone1-anim" name="bone1"><animation><source id="bone1-Matrix-animation-input"><float_array id="bone1-Matrix-animation-input-array" count="36">

0.000000 0.033333 0.066667 0.100000 0.133333 0.166667 0.200000 0.233333 0.266667 0.300000 0.333333 0.366667 0.400000 0.433333 0.466667 0.500000
0.533333 0.566667 0.600000 0.633333 0.666667 0.700000 0.733333 0.766667 0.800000 0.833333 0.866667 0.900000 0.933333 0.966667 1.000000 1.033333
1.066667 1.100000 1.133333 1.166667</float_array><technique_common><accessor source="#bone1-Matrix-animation-input-array" count="36"><param name="TIME" type="float"/></accessor></technique_common></source><source id="bone1-Matrix-animation-output-transform"><float_array id="bone1-Matrix-animation-output-transform-array" count="576">

0.000003 -1.000000 0.000000 0.000000 0.700728 0.000002 0.713428 0.000000 -0.713428 -0.000002 0.700728 2.500000 0.000000 0.000000 0.000000 1.000000
0.000003 -1.000000 -0.000000 0.000000 0.691366 0.000002 0.722505 0.000000 -0.722504 -0.000002 0.691366 2.500000 0.000000 0.000000 0.000000 1.000000
0.000003 -1.000000 0.000000 0.000000 0.666051 0.000002 0.745907 0.000000 -0.745907 -0.000002 0.666051 2.500000 0.000000 0.000000 0.000000 1.000000
0.000003 -1.000000 0.000000 0.000000 0.629329 0.000002 0.777139 0.000000 -0.777139 -0.000002 0.629329 2.500000 0.000000 0.000000 0.000000 1.000000
0.000003 -1.000000 0.000000 0.000000 0.586445 0.000002 0.809989 0.000000 -0.809989 -0.000002 0.586445 2.500000 0.000000 0.000000 0.000000 1.000000
0.000003 -1.000000 0.000000 0.000000 0.543003 0.000002 0.839731 0.000000 -0.839731 -0.000002 0.543003 2.500000 0.000000 0.000000 0.000000 1.000000
0.000003 -1.000000 0.000000 0.000000 0.504051 0.000002 0.863674 0.000000 -0.863674 -0.000002 0.504051 2.500000 0.000000 0.000000 0.000000 1.000000
0.000003 -1.000000 0.000000 0.000000 0.473086 0.000002 0.881016 0.000000 -0.881016 -0.000002 0.473086 2.500000 0.000000 0.000000 0.000000 1.000000
0.000003 -1.000000 0.000000 0.000000 0.451556 0.000002 0.892243 0.000000 -0.892243 -0.000002 0.451556 2.500000 0.000000 0.000000 0.000000 1.000000
0.000003 -1.000000 0.000000 0.000000 0.439176 0.000002 0.898401 0.000000 -0.898401 -0.000002 0.439176 2.500000 0.000000 0.000000 0.000000 1.000000
0.000003 -1.000000 0.000001 0.000000 0.435093 0.000002 0.900386 0.000000 -0.900386 -0.000002 0.435093 2.500000 0.000000 0.000000 0.000000 1.000000
0.000003 -1.000000 0.000000 0.000000 0.445371 0.000002 0.895346 0.000000 -0.895346 -0.000002 0.445371 2.500000 0.000000 0.000000 0.000000 1.000000
0.000003 -1.000000 0.000000 0.000000 0.480480 0.000002 0.877006 0.000000 -0.877006 -0.000002 0.480480 2.500000 0.000000 0.000000 0.000000 1.000000
0.000003 -1.000000 0.000000 0.000000 0.548758 0.000002 0.835982 0.000000 -0.835982 -0.000002 0.548758 2.500000 0.000000 0.000000 0.000000 1.000000
0.000003 -1.000000 0.000000 0.000000 0.650237 0.000002 0.759732 0.000000 -0.759732 -0.000002 0.650237 2.500000 0.000000 0.000000 0.000000 1.000000
0.000003 -1.000000 -0.000000 0.000000 0.768677 0.000002 0.639638 0.000000 -0.639638 -0.000002 0.768677 2.500000 0.000000 0.000000 0.000000 1.000000
0.000004 -1.000000 -0.000001 0.000000 0.876652 0.000003 0.481126 0.000000 -0.481126 -0.000002 0.876652 2.500000 0.000000 0.000000 0.000000 1.000000
0.000004 -1.000000 -0.000001 0.000000 0.951997 0.000003 0.306107 0.000000 -0.306106 -0.000002 0.951997 2.500000 0.000000 0.000000 0.000000 1.000000
0.000004 -1.000000 -0.000001 0.000000 0.989485 0.000004 0.144637 0.000000 -0.144637 -0.000002 0.989485 2.500000 0.000000 0.000000 0.000000 1.000000
0.000004 -1.000000 -0.000003 0.000000 0.999632 0.000004 0.027117 0.000000 -0.027117 -0.000003 0.999632 2.500000 0.000000 0.000000 0.000000 1.000000
0.000004 -1.000000 -0.000001 0.000000 0.999841 0.000004 -0.017827 0.000000 0.017827 -0.000001 0.999841 2.500000 0.000000 0.000000 0.000000 1.000000
0.000004 -1.000000 -0.000000 0.000000 0.999983 0.000004 -0.005773 0.000000 0.005773 0.000000 0.999983 2.500000 0.000000 0.000000 0.000000 1.000000
0.000004 -1.000000 -0.000001 0.000000 0.999614 0.000004 0.027792 0.000000 -0.027792 -0.000001 0.999614 2.500000 0.000000 0.000000 0.000000 1.000000
0.000004 -1.000000 -0.000001 0.000000 0.996900 0.000004 0.078676 0.000000 -0.078676 -0.000001 0.996900 2.500000 0.000000 0.000000 0.000000 1.000000
0.000004 -1.000000 -0.000001 0.000000 0.989789 0.000004 0.142539 0.000000 -0.142539 -0.000002 0.989789 2.500000 0.000000 0.000000 0.000000 1.000000
0.000004 -1.000000 -0.000001 0.000000 0.976595 0.000004 0.215087 0.000000 -0.215087 -0.000002 0.976595 2.500000 0.000000 0.000000 0.000000 1.000000
0.000004 -1.000000 -0.000001 0.000000 0.956372 0.000003 0.292152 0.000000 -0.292152 -0.000002 0.956372 2.500000 0.000000 0.000000 0.000000 1.000000
0.000004 -1.000000 -0.000001 0.000000 0.929121 0.000003 0.369776 0.000000 -0.369776 -0.000002 0.929121 2.500000 0.000000 0.000000 0.000000 1.000000
0.000004 -1.000000 -0.000001 0.000000 0.895856 0.000003 0.444344 0.000000 -0.444344 -0.000002 0.895856 2.500000 0.000000 0.000000 0.000000 1.000000
0.000004 -1.000000 -0.000000 0.000000 0.858522 0.000003 0.512777 0.000000 -0.512777 -0.000002 0.858522 2.500000 0.000000 0.000000 0.000000 1.000000
0.000003 -1.000000 -0.000000 0.000000 0.819744 0.000003 0.572730 0.000000 -0.572730 -0.000002 0.819744 2.500000 0.000000 0.000000 0.000000 1.000000
0.000003 -1.000000 -0.000000 0.000000 0.782469 0.000003 0.622689 0.000000 -0.622689 -0.000002 0.782469 2.500000 0.000000 0.000000 0.000000 1.000000
0.000003 -1.000000 -0.000000 0.000000 0.749580 0.000002 0.661914 0.000000 -0.661914 -0.000002 0.749580 2.500000 0.000000 0.000000 0.000000 1.000000
0.000003 -1.000000 0.000000 0.000000 0.723624 0.000002 0.690194 0.000000 -0.690194 -0.000002 0.723624 2.500000 0.000000 0.000000 0.000000 1.000000
0.000003 -1.000000 -0.000000 0.000000 0.706735 0.000002 0.707478 0.000000 -0.707478 -0.000002 0.706735 2.500000 0.000000 0.000000 0.000000 1.000000
0.000003 -1.000000 0.000000 0.000000 0.700728 0.000002 0.713428 0.000000 -0.713428 -0.000002 0.700728 2.500000 0.000000 0.000000 0.000000 1.000000</float_array><technique_common><accessor source="#bone1-Matrix-animation-output-transform-array" count="36" stride="16"><param type="float4x4"/></accessor></technique_common></source><source id="bone1-Interpolations"><Name_array id="bone1-Interpolations-array" count="36">
 LINEAR LINEAR LINEAR LINEAR LINEAR LINEAR LINEAR LINEAR LINEAR LINEAR LINEAR
LINEAR LINEAR LINEAR LINEAR LINEAR LINEAR LINEAR LINEAR LINEAR LINEAR LINEAR LINEAR
LINEAR LINEAR LINEAR LINEAR LINEAR LINEAR LINEAR LINEAR LINEAR LINEAR LINEAR LINEAR
LINEAR</Name_array><technique_common><accessor source="#bone1-Interpolations-array" count="36"><param type="name"/></accessor></technique_common></source><sampler id="bone1-Matrix-animation-transform"><input semantic="INPUT" source="#bone1-Matrix-animation-input"/><input semantic="OUTPUT" source="#bone1-Matrix-animation-output-transform"/><input semantic="INTERPOLATION" source="#bone1-Interpolations"/></sampler><channel source="#bone1-Matrix-animation-transform" target="bone1/matrix"/></animation></animation>
    <animation id="bone2-anim" name="bone2"><animation><source id="bone2-Matrix-animation-input"><float_array id="bone2-Matrix-animation-input-array" count="36">

0.000000 0.033333 0.066667 0.100000 0.133333 0.166667 0.200000 0.233333 0.266667 0.300000 0.333333 0.366667 0.400000 0.433333 0.466667 0.500000
0.533333 0.566667 0.600000 0.633333 0.666667 0.700000 0.733333 0.766667 0.800000 0.833333 0.866667 0.900000 0.933333 0.966667 1.000000 1.033333
1.066667 1.100000 1.133333 1.166667</float_array><technique_common><accessor source="#bone2-Matrix-animation-input-array" count="36"><param name="TIME" type="float"/></accessor></technique_common></source><source id="bone2-Matrix-animation-output-transform"><float_array id="bone2-Matrix-animation-output-transform-array" count="576">

-0.002144 -0.000002 0.999998 7.008415 -0.000003 -1.000000 -0.000002 0.000022 0.999998 -0.000003 0.002144 -0.000001 0.000000 0.000000 0.000000 1.000000
-0.001972 -0.000002 0.999998 7.008415 -0.000003 -1.000000 -0.000002 0.000022 0.999998 -0.000003 0.001972 -0.000001 0.000000 0.000000 0.000000 1.000000
0.000229 0.000012 1.000000 7.008415 -0.000003 -1.000000 0.000012 0.000022 1.000000 -0.000003 -0.000229 -0.000001 0.000000 0.000000 0.000000 1.000000
0.008091 0.000004 0.999967 7.008416 -0.000003 -1.000000 0.000004 0.000022 0.999968 -0.000003 -0.008091 -0.000000 0.000000 0.000000 0.000000 1.000000
0.025037 0.000003 0.999687 7.008416 -0.000003 -1.000000 0.000003 0.000022 0.999687 -0.000003 -0.025037 -0.000000 0.000000 0.000000 0.000000 1.000000
0.052700 0.000003 0.998611 7.008415 -0.000003 -1.000000 0.000004 0.000022 0.998611 -0.000003 -0.052700 -0.000001 0.000000 0.000000 0.000000 1.000000
0.089972 0.000003 0.995944 7.008415 -0.000003 -1.000000 0.000004 0.000022 0.995945 -0.000003 -0.089972 -0.000001 0.000000 0.000000 0.000000 1.000000
0.132696 0.000003 0.991157 7.008414 -0.000003 -1.000000 0.000004 0.000022 0.991157 -0.000003 -0.132695 -0.000001 0.000000 0.000000 0.000000 1.000000
0.173973 0.000003 0.984750 7.008415 -0.000002 -1.000000 0.000004 0.000022 0.984750 -0.000003 -0.173973 -0.000001 0.000000 0.000000 0.000000 1.000000
0.205117 0.000003 0.978738 7.008415 -0.000002 -1.000000 0.000004 0.000022 0.978738 -0.000003 -0.205117 -0.000001 0.000000 0.000000 0.000000 1.000000
0.217230 0.000003 0.976121 7.008415 -0.000002 -1.000000 0.000004 0.000022 0.976121 -0.000003 -0.217230 -0.000001 0.000000 0.000000 0.000000 1.000000
0.188629 0.000003 0.982049 7.008416 -0.000002 -1.000000 0.000004 0.000022 0.982049 -0.000003 -0.188629 -0.000001 0.000000 0.000000 0.000000 1.000000
0.121064 0.000003 0.992645 7.008415 -0.000003 -1.000000 0.000004 0.000022 0.992645 -0.000003 -0.121064 -0.000001 0.000000 0.000000 0.000000 1.000000
0.048309 0.000003 0.998832 7.008415 -0.000003 -1.000000 0.000004 0.000022 0.998833 -0.000003 -0.048309 -0.000001 0.000000 0.000000 0.000000 1.000000
0.002917 0.000004 0.999996 7.008415 -0.000003 -1.000000 0.000004 0.000022 0.999996 -0.000003 -0.002917 -0.000001 0.000000 0.000000 0.000000 1.000000
0.007049 0.000003 0.999975 7.008415 -0.000003 -1.000000 0.000003 0.000022 0.999975 -0.000003 -0.007049 -0.000001 0.000000 0.000000 0.000000 1.000000
0.066971 0.000003 0.997755 7.008415 -0.000003 -1.000000 0.000003 0.000022 0.997755 -0.000003 -0.066971 -0.000001 0.000000 0.000000 0.000000 1.000000
0.171224 0.000003 0.985232 7.008415 -0.000002 -1.000000 0.000004 0.000022 0.985232 -0.000003 -0.171224 -0.000001 0.000000 0.000000 0.000000 1.000000
0.292452 0.000003 0.956281 7.008416 -0.000002 -1.000000 0.000004 0.000022 0.956281 -0.000003 -0.292452 -0.000001 0.000000 0.000000 0.000000 1.000000
0.392909 0.000003 0.919577 7.008416 -0.000002 -1.000000 0.000004 0.000022 0.919577 -0.000003 -0.392909 -0.000001 0.000000 0.000000 0.000000 1.000000
0.433629 0.000003 0.901092 7.008415 -0.000001 -1.000000 0.000004 0.000022 0.901092 -0.000003 -0.433629 -0.000001 0.000000 0.000000 0.000000 1.000000
0.422595 0.000003 0.906319 7.008416 -0.000001 -1.000000 0.000004 0.000022 0.906319 -0.000003 -0.422595 -0.000001 0.000000 0.000000 0.000000 1.000000
0.392307 0.000003 0.919834 7.008415 -0.000002 -1.000000 0.000004 0.000022 0.919834 -0.000003 -0.392307 -0.000001 0.000000 0.000000 0.000000 1.000000
0.347701 0.000003 0.937605 7.008415 -0.000002 -1.000000 0.000004 0.000022 0.937606 -0.000003 -0.347701 -0.000001 0.000000 0.000000 0.000000 1.000000
0.294161 0.000003 0.955756 7.008415 -0.000002 -1.000000 0.000004 0.000022 0.955756 -0.000003 -0.294161 -0.000001 0.000000 0.000000 0.000000 1.000000
0.236963 0.000003 0.971519 7.008416 -0.000002 -1.000000 0.000004 0.000022 0.971519 -0.000003 -0.236963 -0.000001 0.000000 0.000000 0.000000 1.000000
0.180839 0.000003 0.983513 7.008415 -0.000002 -1.000000 0.000004 0.000022 0.983513 -0.000003 -0.180839 -0.000001 0.000000 0.000000 0.000000 1.000000
0.129642 0.000003 0.991561 7.008414 -0.000003 -1.000000 0.000003 0.000022 0.991561 -0.000003 -0.129642 -0.000001 0.000000 0.000000 0.000000 1.000000
0.086129 0.000003 0.996284 7.008415 -0.000003 -1.000000 0.000003 0.000022 0.996284 -0.000003 -0.086129 -0.000001 0.000000 0.000000 0.000000 1.000000
0.051850 0.000003 0.998655 7.008415 -0.000003 -1.000000 0.000003 0.000022 0.998655 -0.000003 -0.051850 -0.000001 0.000000 0.000000 0.000000 1.000000
0.027147 0.000003 0.999632 7.008415 -0.000003 -1.000000 0.000004 0.000022 0.999632 -0.000003 -0.027147 -0.000001 0.000000 0.000000 0.000000 1.000000
0.011264 0.000003 0.999937 7.008416 -0.000003 -1.000000 0.000003 0.000022 0.999937 -0.000003 -0.011264 -0.000001 0.000000 0.000000 0.000000 1.000000
0.002570 0.000004 0.999997 7.008415 -0.000003 -1.000000 0.000004 0.000022 0.999997 -0.000003 -0.002570 -0.000001 0.000000 0.000000 0.000000 1.000000
-0.001115 0.000003 1.000000 7.008415 -0.000003 -1.000000 0.000003 0.000022 1.000000 -0.000003 0.001115 -0.000001 0.000000 0.000000 0.000000 1.000000
-0.002073 -0.000001 0.999998 7.008415 -0.000003 -1.000000 -0.000001 0.000022 0.999998 -0.000003 0.002073 -0.000001 0.000000 0.000000 0.000000 1.000000
-0.002144 -0.000002 0.999998 7.008415 -0.000003 -1.000000 -0.000002 0.000022 0.999998 -0.000003 0.002144 -0.000000 0.000000 0.000000 0.000000 1.000000</float_array><technique_common><accessor source="#bone2-Matrix-animation-output-transform-array" count="36" stride="16"><param type="float4x4"/></accessor></technique_common></source><source id="bone2-Interpolations"><Name_array id="bone2-Interpolations-array" count="36">
 LINEAR LINEAR LINEAR LINEAR LINEAR LINEAR LINEAR LINEAR LINEAR LINEAR LINEAR
LINEAR LINEAR LINEAR LINEAR LINEAR LINEAR LINEAR LINEAR LINEAR LINEAR LINEAR LINEAR
LINEAR LINEAR LINEAR LINEAR LINEAR LINEAR LINEAR LINEAR LINEAR LINEAR LINEAR LINEAR
LINEAR</Name_array><technique_common><accessor source="#bone2-Interpolations-array" count="36"><param type="name"/></accessor></technique_common></source><sampler id="bone2-Matrix-animation-transform"><input semantic="INPUT" source="#bone2-Matrix-animation-input"/><input semantic="OUTPUT" source="#bone2-Matrix-animation-output-transform"/><input semantic="INTERPOLATION" source="#bone2-Interpolations"/></sampler><channel source="#bone2-Matrix-animation-transform" target="bone2/matrix"/></animation></animation>
    <animation id="Bone003-anim" name="Bone003"><animation><source id="Bone003-Matrix-animation-input"><float_array id="Bone003-Matrix-animation-input-array" count="36">

0.000000 0.033333 0.066667 0.100000 0.133333 0.166667 0.200000 0.233333 0.266667 0.300000 0.333333 0.366667 0.400000 0.433333 0.466667 0.500000
0.533333 0.566667 0.600000 0.633333 0.666667 0.700000 0.733333 0.766667 0.800000 0.833333 0.866667 0.900000 0.933333 0.966667 1.000000 1.033333
1.066667 1.100000 1.133333 1.166667</float_array><technique_common><accessor source="#Bone003-Matrix-animation-input-array" count="36"><param name="TIME" type="float"/></accessor></technique_common></source><source id="Bone003-Matrix-animation-output-transform"><float_array id="Bone003-Matrix-animation-output-transform-array" count="576">

1.000000 0.000000 0.000000 7.119909 -0.000000 1.000000 0.000000 0.000001 -0.000000 -0.000000 1.000000 0.000000 0.000000 0.000000 0.000000 1.000000
1.000000 0.000000 -0.000000 7.119909 -0.000000 1.000000 -0.000000 0.000001 0.000000 0.000000 1.000000 -0.000001 0.000000 0.000000 0.000000 1.000000
1.000000 0.000000 -0.000000 7.119909 -0.000000 1.000000 -0.000000 0.000001 0.000000 0.000000 1.000000 -0.000001 0.000000 0.000000 0.000000 1.000000
1.000000 0.000000 -0.000000 7.119909 -0.000000 1.000000 -0.000000 0.000001 0.000000 0.000000 1.000000 -0.000000 0.000000 0.000000 0.000000 1.000000
1.000000 0.000000 0.000000 7.119909 -0.000000 1.000000 -0.000000 0.000001 -0.000000 0.000000 1.000000 -0.000001 0.000000 0.000000 0.000000 1.000000
1.000000 0.000000 0.000000 7.119909 -0.000000 1.000000 -0.000000 0.000001 -0.000000 0.000000 1.000000 0.000000 0.000000 0.000000 0.000000 1.000000
1.000000 0.000000 0.000000 7.119909 -0.000000 1.000000 -0.000000 0.000001 -0.000000 0.000000 1.000000 0.000000 0.000000 0.000000 0.000000 1.000000
1.000000 0.000000 0.000000 7.119909 -0.000000 1.000000 -0.000000 0.000001 -0.000000 0.000000 1.000000 -0.000001 0.000000 0.000000 0.000000 1.000000
1.000000 0.000000 0.000000 7.119909 -0.000000 1.000000 -0.000000 0.000001 -0.000000 0.000000 1.000000 0.000000 0.000000 0.000000 0.000000 1.000000
1.000000 0.000000 0.000000 7.119910 -0.000000 1.000000 -0.000000 0.000001 -0.000000 0.000000 1.000000 -0.000000 0.000000 0.000000 0.000000 1.000000
1.000000 0.000000 0.000000 7.119908 -0.000000 1.000000 -0.000000 0.000001 -0.000000 0.000000 1.000000 -0.000000 0.000000 0.000000 0.000000 1.000000
1.000000 0.000000 0.000000 7.119909 -0.000000 1.000000 -0.000000 0.000001 -0.000000 0.000000 1.000000 -0.000000 0.000000 0.000000 0.000000 1.000000
1.000000 0.000000 -0.000000 7.119909 -0.000000 1.000000 -0.000000 0.000001 -0.000000 0.000000 1.000000 0.000000 0.000000 0.000000 0.000000 1.000000
1.000000 0.000000 -0.000000 7.119909 -0.000000 1.000000 -0.000000 0.000001 0.000000 0.000000 1.000000 -0.000001 0.000000 0.000000 0.000000 1.000000
1.000000 0.000000 -0.000000 7.119909 -0.000000 1.000000 -0.000000 0.000001 0.000000 0.000000 1.000000 -0.000000 0.000000 0.000000 0.000000 1.000000
1.000000 0.000000 0.000000 7.119908 -0.000000 1.000000 0.000000 0.000001 -0.000000 -0.000000 1.000000 -0.000001 0.000000 0.000000 0.000000 1.000000
1.000000 0.000000 -0.000000 7.119909 -0.000000 1.000000 0.000000 0.000001 0.000000 -0.000000 1.000000 -0.000000 0.000000 0.000000 0.000000 1.000000
1.000000 0.000000 0.000000 7.119908 -0.000000 1.000000 -0.000000 0.000001 -0.000000 0.000000 1.000000 0.000000 0.000000 0.000000 0.000000 1.000000
1.000000 0.000000 0.000000 7.119908 -0.000000 1.000000 -0.000000 0.000001 -0.000000 0.000000 1.000000 0.000000 0.000000 0.000000 0.000000 1.000000
1.000000 0.000000 0.000000 7.119909 -0.000000 1.000000 -0.000000 0.000001 -0.000000 0.000000 1.000000 -0.000000 0.000000 0.000000 0.000000 1.000000
1.000000 0.000000 0.000000 7.119909 -0.000000 1.000000 -0.000000 0.000001 -0.000000 0.000000 1.000000 -0.000001 0.000000 0.000000 0.000000 1.000000
1.000000 0.000000 -0.000000 7.119909 -0.000000 1.000000 -0.000000 0.000001 -0.000000 0.000000 1.000000 -0.000000 0.000000 0.000000 0.000000 1.000000
1.000000 0.000000 -0.000000 7.119908 -0.000000 1.000000 -0.000000 0.000001 -0.000000 0.000000 1.000000 -0.000001 0.000000 0.000000 0.000000 1.000000
1.000000 0.000000 0.000000 7.119909 -0.000000 1.000000 -0.000000 0.000001 -0.000000 0.000000 1.000000 -0.000000 0.000000 0.000000 0.000000 1.000000
1.000000 0.000000 0.000000 7.119909 -0.000000 1.000000 -0.000000 0.000001 -0.000000 0.000000 1.000000 -0.000000 0.000000 0.000000 0.000000 1.000000
1.000000 0.000000 0.000000 7.119908 -0.000000 1.000000 -0.000000 0.000001 -0.000000 0.000000 1.000000 -0.000000 0.000000 0.000000 0.000000 1.000000
1.000000 0.000000 0.000000 7.119908 -0.000000 1.000000 -0.000000 0.000001 -0.000000 0.000000 1.000000 -0.000001 0.000000 0.000000 0.000000 1.000000
1.000000 0.000000 0.000000 7.119909 -0.000000 1.000000 -0.000000 0.000001 -0.000000 0.000000 1.000000 -0.000000 0.000000 0.000000 0.000000 1.000000
1.000000 0.000000 0.000000 7.119909 -0.000000 1.000000 -0.000000 0.000001 -0.000000 0.000000 1.000000 -0.000000 0.000000 0.000000 0.000000 1.000000
1.000000 0.000000 0.000000 7.119910 -0.000000 1.000000 0.000000 0.000001 -0.000000 -0.000000 1.000000 -0.000001 0.000000 0.000000 0.000000 1.000000
1.000000 0.000000 0.000000 7.119909 -0.000000 1.000000 -0.000000 0.000001 -0.000000 0.000000 1.000000 -0.000001 0.000000 0.000000 0.000000 1.000000
1.000000 0.000000 0.000000 7.119909 -0.000000 1.000000 -0.000000 0.000001 -0.000000 0.000000 1.000000 -0.000001 0.000000 0.000000 0.000000 1.000000
1.000000 0.000000 0.000000 7.119909 -0.000000 1.000000 -0.000000 0.000001 -0.000000 0.000000 1.000000 -0.000000 0.000000 0.000000 0.000000 1.000000
1.000000 0.000000 0.000000 7.119909 -0.000000 1.000000 -0.000000 0.000001 -0.000000 0.000000 1.000000 -0.000001 0.000000 0.000000 0.000000 1.000000
1.000000 0.000000 -0.000000 7.119909 -0.000000 1.000000 0.000000 0.000001 0.000000 -0.000000 1.000000 -0.000001 0.000000 0.000000 0.000000 1.000000
1.000000 0.000000 0.000000 7.119909 -0.000000 1.000000 0.000000 0.000001 -0.000000 -0.000000 1.000000 0.000000 0.000000 0.000000 0.000000 1.000000</float_array><technique_common><accessor source="#Bone003-Matrix-animation-output-transform-array" count="36" stride="16"><param type="float4x4"/></accessor></technique_common></source><source id="Bone003-Interpolations"><Name_array id="Bone003-Interpolations-array" count="36">
 LINEAR LINEAR LINEAR LINEAR LINEAR LINEAR LINEAR LINEAR LINEAR LINEAR LINEAR
LINEAR LINEAR LINEAR LINEAR LINEAR LINEAR LINEAR LINEAR LINEAR LINEAR LINEAR LINEAR
LINEAR LINEAR LINEAR LINEAR LINEAR LINEAR LINEAR LINEAR LINEAR LINEAR LINEAR LINEAR
LINEAR</Name_array><technique_common><accessor source="#Bone003-Interpolations-array" count="36"><param type="name"/></accessor></technique_common></source><sampler id="Bone003-Matrix-animation-transform"><input semantic="INPUT" source="#Bone003-Matrix-animation-input"/><input semantic="OUTPUT" source="#Bone003-Matrix-animation-output-transform"/><input semantic="INTERPOLATION" source="#Bone003-Interpolations"/></sampler><channel source="#Bone003-Matrix-animation-transform" target="Bone003/matrix"/></animation></animation>
    <animation id="IK Chain001-anim" name="IK Chain001"><animation><source id="IK Chain001-Matrix-animation-input"><float_array id="IK Chain001-Matrix-animation-input-array" count="36">

0.000000 0.033333 0.066667 0.100000 0.133333 0.166667 0.200000 0.233333 0.266667 0.300000 0.333333 0.366667 0.400000 0.433333 0.466667 0.500000
0.533333 0.566667 0.600000 0.633333 0.666667 0.700000 0.733333 0.766667 0.800000 0.833333 0.866667 0.900000 0.933333 0.966667 1.000000 1.033333
1.066667 1.100000 1.133333 1.166667</float_array><technique_common><accessor source="#IK Chain001-Matrix-animation-input-array" count="36"><param name="TIME" type="float"/></accessor></technique_common></source><source id="IK Chain001-Matrix-animation-output-transform"><float_array id="IK Chain001-Matrix-animation-output-transform-array" count="576">

1.000000 -0.000000 0.000000 0.000021 -0.000000 0.000000 1.000000 9.979832 -0.000000 -1.000000 0.000000 2.500000 0.000000 0.000000 0.000000 1.000000
1.000000 -0.000000 0.000000 0.000021 -0.000000 0.000000 1.000000 9.979832 -0.000000 -1.000000 0.000000 2.368988 0.000000 0.000000 0.000000 1.000000
1.000000 -0.000000 0.000000 0.000021 -0.000000 0.000000 1.000000 9.979832 -0.000000 -1.000000 0.000000 2.013383 0.000000 0.000000 0.000000 1.000000
1.000000 -0.000000 0.000000 0.000021 -0.000000 0.000000 1.000000 9.979832 -0.000000 -1.000000 0.000000 1.489334 0.000000 0.000000 0.000000 1.000000
1.000000 -0.000000 0.000000 0.000021 -0.000000 0.000000 1.000000 9.979832 -0.000000 -1.000000 0.000000 0.852988 0.000000 0.000000 0.000000 1.000000
1.000000 -0.000000 0.000000 0.000021 -0.000000 0.000000 1.000000 9.979832 -0.000000 -1.000000 0.000000 0.160494 0.000000 0.000000 0.000000 1.000000
1.000000 -0.000000 0.000000 0.000021 -0.000000 0.000000 1.000000 9.979832 -0.000000 -1.000000 0.000000 -0.532000 0.000000 0.000000 0.000000 1.000000
1.000000 -0.000000 0.000000 0.000021 -0.000000 0.000000 1.000000 9.979832 -0.000000 -1.000000 0.000000 -1.168345 0.000000 0.000000 0.000000 1.000000
1.000000 -0.000000 0.000000 0.000021 -0.000000 0.000000 1.000000 9.979832 -0.000000 -1.000000 0.000000 -1.692395 0.000000 0.000000 0.000000 1.000000
1.000000 -0.000000 0.000000 0.000021 -0.000000 0.000000 1.000000 9.979832 -0.000000 -1.000000 0.000000 -2.047999 0.000000 0.000000 0.000000 1.000000
1.000000 -0.000000 0.000000 0.000021 -0.000000 0.000000 1.000000 9.979832 -0.000000 -1.000000 0.000000 -2.179012 0.000000 0.000000 0.000000 1.000000
1.000000 -0.000000 0.000000 0.000021 -0.000000 0.000000 1.000000 9.979832 -0.000000 -1.000000 0.000000 -1.863349 0.000000 0.000000 0.000000 1.000000
1.000000 -0.000000 0.000000 0.000021 -0.000000 0.000000 1.000000 9.979832 -0.000000 -1.000000 0.000000 -1.006551 0.000000 0.000000 0.000000 1.000000
1.000000 -0.000000 0.000000 0.000021 -0.000000 0.000000 1.000000 9.979832 -0.000000 -1.000000 0.000000 0.256100 0.000000 0.000000 0.000000 1.000000
1.000000 -0.000000 0.000000 0.000021 -0.000000 0.000000 1.000000 9.979832 -0.000000 -1.000000 0.000000 1.789318 0.000000 0.000000 0.000000 1.000000
1.000000 -0.000000 0.000000 0.000021 -0.000000 0.000000 1.000000 9.979832 -0.000000 -1.000000 0.000000 3.457821 0.000000 0.000000 0.000000 1.000000
1.000000 -0.000000 0.000000 0.000021 -0.000000 0.000000 1.000000 9.979832 -0.000000 -1.000000 0.000000 5.126324 0.000000 0.000000 0.000000 1.000000
1.000000 -0.000000 0.000000 0.000021 -0.000000 0.000000 1.000000 9.979832 -0.000000 -1.000000 0.000000 6.659543 0.000000 0.000000 0.000000 1.000000
1.000000 -0.000000 0.000000 0.000021 -0.000000 0.000000 1.000000 9.979832 -0.000000 -1.000000 0.000000 7.922194 0.000000 0.000000 0.000000 1.000000
1.000000 -0.000000 0.000000 0.000021 -0.000000 0.000000 1.000000 9.979832 -0.000000 -1.000000 0.000000 8.778992 0.000000 0.000000 0.000000 1.000000
1.000000 -0.000000 0.000000 0.000021 -0.000000 0.000000 1.000000 9.979832 -0.000000 -1.000000 0.000000 9.094654 0.000000 0.000000 0.000000 1.000000
1.000000 -0.000000 0.000000 0.000021 -0.000000 0.000000 1.000000 9.979832 -0.000000 -1.000000 0.000000 9.010633 0.000000 0.000000 0.000000 1.000000
1.000000 -0.000000 0.000000 0.000021 -0.000000 0.000000 1.000000 9.979832 -0.000000 -1.000000 0.000000 8.774202 0.000000 0.000000 0.000000 1.000000
1.000000 -0.000000 0.000000 0.000021 -0.000000 0.000000 1.000000 9.979832 -0.000000 -1.000000 0.000000 8.408810 0.000000 0.000000 0.000000 1.000000
1.000000 -0.000000 0.000000 0.000021 -0.000000 0.000000 1.000000 9.979832 -0.000000 -1.000000 0.000000 7.937903 0.000000 0.000000 0.000000 1.000000
1.000000 -0.000000 0.000000 0.000021 -0.000000 0.000000 1.000000 9.979832 -0.000000 -1.000000 0.000000 7.384929 0.000000 0.000000 0.000000 1.000000
1.000000 -0.000000 0.000000 0.000021 -0.000000 0.000000 1.000000 9.979832 -0.000000 -1.000000 0.000000 6.773335 0.000000 0.000000 0.000000 1.000000
1.000000 -0.000000 0.000000 0.000021 -0.000000 0.000000 1.000000 9.979832 -0.000000 -1.000000 0.000000 6.126571 0.000000 0.000000 0.000000 1.000000
1.000000 -0.000000 0.000000 0.000021 -0.000000 0.000000 1.000000 9.979832 -0.000000 -1.000000 0.000000 5.468082 0.000000 0.000000 0.000000 1.000000
1.000000 -0.000000 0.000000 0.000021 -0.000000 0.000000 1.000000 9.979832 -0.000000 -1.000000 0.000000 4.821318 0.000000 0.000000 0.000000 1.000000
1.000000 -0.000000 0.000000 0.000021 -0.000000 0.000000 1.000000 9.979832 -0.000000 -1.000000 0.000000 4.209725 0.000000 0.000000 0.000000 1.000000
1.000000 -0.000000 0.000000 0.000021 -0.000000 0.000000 1.000000 9.979832 -0.000000 -1.000000 0.000000 3.656751 0.000000 0.000000 0.000000 1.000000
1.000000 -0.000000 0.000000 0.000021 -0.000000 0.000000 1.000000 9.979832 -0.000000 -1.000000 0.000000 3.185843 0.000000 0.000000 0.000000 1.000000
1.000000 -0.000000 0.000000 0.000021 -0.000000 0.000000 1.000000 9.979832 -0.000000 -1.000000 0.000000 2.820451 0.000000 0.000000 0.000000 1.000000
1.000000 -0.000000 0.000000 0.000021 -0.000000 0.000000 1.000000 9.979832 -0.000000 -1.000000 0.000000 2.584021 0.000000 0.000000 0.000000 1.000000
1.000000 -0.000000 0.000000 0.000021 -0.000000 0.000000 1.000000 9.979832 -0.000000 -1.000000 0.000000 2.500000 0.000000 0.000000 0.000000 1.000000</float_array><technique_common><accessor source="#IK Chain001-Matrix-animation-output-transform-array" count="36" stride="16"><param type="float4x4"/></accessor></technique_common></source><source id="IK Chain001-Interpolations"><Name_array id="IK Chain001-Interpolations-array" count="36">
 LINEAR LINEAR LINEAR LINEAR LINEAR LINEAR LINEAR LINEAR LINEAR LINEAR LINEAR
LINEAR LINEAR LINEAR LINEAR LINEAR LINEAR LINEAR LINEAR LINEAR LINEAR LINEAR LINEAR
LINEAR LINEAR LINEAR LINEAR LINEAR LINEAR LINEAR LINEAR LINEAR LINEAR LINEAR LINEAR
LINEAR</Name_array><technique_common><accessor source="#IK Chain001-Interpolations-array" count="36"><param type="name"/></accessor></technique_common></source><sampler id="IK Chain001-Matrix-animation-transform"><input semantic="INPUT" source="#IK Chain001-Matrix-animation-input"/><input semantic="OUTPUT" source="#IK Chain001-Matrix-animation-output-transform"/><input semantic="INTERPOLATION" source="#IK Chain001-Interpolations"/></sampler><channel source="#IK Chain001-Matrix-animation-transform" target="IK Chain001/matrix"/></animation></animation>
  </library_animations>
  <library_visual_scenes>
    <visual_scene id="test" name="test">
      <node name="bone1" id="bone1" sid="bone1" type="JOINT"><matrix sid="matrix">0.000003 -1.000000 0.000000 0.000000 0.700728 0.000002 0.713428 0.000000 -0.713428 -0.000002 0.700728 2.500000 0.000000 0.000000 0.000000 1.000000</matrix><extra><technique profile="FCOLLADA"><visibility>1.000000</visibility></technique></extra><node name="bone2" id="bone2" sid="bone2" type="JOINT"><matrix sid="matrix">-0.002144 -0.000002 0.999998 7.008415 -0.000003 -1.000000 -0.000002 0.000022 0.999998 -0.000003 0.002144 -0.000001 0.000000 0.000000 0.000000 1.000000</matrix><extra><technique profile="FCOLLADA"><visibility>1.000000</visibility></technique></extra><node name="Bone003" id="Bone003" sid="Bone003" type="JOINT"><matrix sid="matrix">1.000000 0.000000 0.000000 7.119909 -0.000000 1.000000 0.000000 0.000001 -0.000000 -0.000000 1.000000 0.000000 0.000000 0.000000 0.000000 1.000000</matrix><extra><technique profile="FCOLLADA"><visibility>1.000000</visibility></technique></extra></node></node></node>
      <node name="IK Chain001" id="IK Chain001" sid="IK Chain001"><matrix sid="matrix">1.000000 -0.000000 0.000000 0.000021 -0.000000 0.000000 1.000000 9.979832 -0.000000 -1.000000 0.000000 2.500000 0.000000 0.000000 0.000000 1.000000</matrix><extra><technique profile="FCOLLADA"><visibility>1.000000</visibility></technique></extra></node>
      <node name="Box001" id="Box001" sid="Box001"><instance_controller url="#Box001Controller"/><extra><technique profile="FCOLLADA"><visibility>1.000000</visibility></technique></extra></node>
      <extra><technique profile="MAX3D"><frame_rate>30.000000</frame_rate></technique><technique profile="FCOLLADA"><start_time>0.000000</start_time><end_time>1.166667</end_time></technique></extra>
    </visual_scene>
  </library_visual_scenes>
  <scene>
    <instance_visual_scene url="#test"></instance_visual_scene>
  </scene>
</COLLADA>
